173 819 908
477 880 367
133 175 74
84 922 773
644 677 821
234 236 873
300 553 839
340 830 159
204 911 799
97 568 179
73 935 704
239 312 511
401 592 740
250 350 903
230 845 151
345 847 466
61 302 809
243 710 727
303 550 277
184 340 429
331 616 249
432 719 544
275 967 983
353 753 742
201 837 717
290 574 398
54 394 559
64 133 858
510 514 60
706 916 876
10 58 380
57 397 481
373 731 202
945 980 296
141 607 818
106 807 108
816 897 915
128 715 284
225 307 26
473 714 970
479 523 341
92 943 138
614 673 264
758 866 929
10 429 822
625 760 547
34 879 408
773 817 687
227 901 304
269 564 212
228 540 410
649 998 361
335 871 300
154 160 82
274 372 409
632 971 552
83 448 502
470 822 14
144 155 980
79 439 714
434 510 3
247 422 918
329 508 349
87 989 209
102 831 537
242 883 436
514 530 516
402 972 787
575 833 79
291 910 591
6 309 829
3 528 764
855 979 908
422 624 945
239 675 36
638 870 877
175 925 476
278 551 646
779 790 829
566 699 980
912 983 864
21 292 409
211 674 266
140 398 19
634 741 325
67 570 698
739 783 466
250 309 460
850 954 834
115 365 233
265 401 936
106 566 939
606 830 677
72 753 611
47 927 593
106 641 66
0 459 316
387 846 764
18 797 704
100 683 969
230 771 433
325 618 143
22 793 928
54 341 286
80 269 344
209 231 134
758 927 255
496 744 536
848 897 658
561 617 111
149 198 46
223 628 603
95 585 529
500 721 494
209 634 667
807 859 667
178 846 714
173 925 725
173 682 818
647 709 980
630 640 494
447 722 148
162 415 604
25 200 64
370 962 185
281 571 839
273 384 83
81 425 861
243 893 707
503 861 762
21 704 595
266 524 952
14 991 642
499 982 651
570 638 250
133 362 1
78 83 54
145 319 781
547 686 847
955 973 330
256 341 940
493 713 380
715 961 318
704 715 981
255 830 548
416 695 745
677 936 345
578 747 211
611 699 938
661 863 387
155 307 216
203 242 665
729 845 770
60 893 392
338 450 413
274 486 663
626 969 598
518 556 261
844 957 716
466 719 799
47 86 642
67 554 829
16 73 423
30 242 131
267 377 827
276 676 351
389 873 850
285 509 954
146 771 161
139 378 449
403 917 786
696 822 778
429 889 394
167 412 606
139 805 293
301 902 480
256 584 945
32 703 807
88 301 566
618 876 365
492 950 373
208 704 195
28 478 925
423 978 751
15 262 800
256 875 190
376 743 825
217 913 40
49 888 333
116 725 331
273 839 653
378 888 566
376 536 86
232 981 796
141 986 771
215 850 601
432 879 467
321 768 787
23 353 504
212 825 720
765 908 668
333 684 575
72 777 382
218 280 773
575 837 852
139 592 391
449 508 592
71 631 68
71 85 389
33 258 543
360 981 504
495 575 847
165 253 896
571 689 267
500 766 324
19 931 696
18 211 524
96 474 934
303 983 371
2 673 317
216 827 971
759 844 807
81 976 972
368 541 713
484 874 379
153 251 315
46 569 512
617 746 593
534 874 628
117 263 223
143 223 493
125 502 989
247 610 967
207 352 496
360 934 257
252 295 747
12 893 102
121 924 813
252 389 382
48 673 108
437 485 318
780 854 137
628 794 890
604 736 485
622 700 39
537 544 551
86 520 48
741 860 145
5 301 711
456 755 885
239 628 304
427 602 275
20 751 976
169 284 416
575 945 519
292 591 139
123 837 320
263 945 263
609 758 382
491 687 580
4 314 619
166 786 931
414 455 944
558 787 864
490 627 746
752 841 557
724 939 210
719 957 354
37 422 52
65 800 18
603 623 171
647 951 815
2 412 1
42 207 531
468 652 453
149 520 812
735 953 762
669 963 64
287 818 514
276 524 426
261 697 554
52 205 940
332 778 525
746 755 15
55 226 880
774 878 979
123 502 721
236 297 157
189 258 842
401 665 230
81 791 736
87 347 365
177 645 775
296 730 480
162 633 617
208 511 275
606 726 302
379 586 437
181 712 76
126 672 603
15 389 439
420 691 665
798 902 578
14 618 559
529 735 900
357 646 722
262 599 658
71 549 612
244 892 12
323 370 899
981 988 62
550 683 506
3 946 2
427 868 119
209 490 979
924 975 995
213 790 996
584 777 969
522 703 381
51 314 836
112 764 828
641 956 103
128 679 384
453 668 783
128 594 834
356 423 890
224 994 372
90 520 473
278 683 609
667 932 355
102 844 143
577 648 399
50 998 274
378 804 933
141 593 532
375 544 512
428 551 737
495 549 918
485 693 745
214 622 288
288 443 732
17 592 625
576 802 699
34 511 937
383 575 754
622 862 822
197 873 689
114 531 775
520 747 348
708 756 11
727 884 310
889 982 418
218 809 141
810 957 939
144 835 123
465 872 657
5 307 837
361 715 683
396 794 312
65 121 743
727 835 310
274 464 815
567 792 668
531 986 380
110 171 190
40 792 893
38 502 96
28 971 648
119 744 275
292 561 55
163 597 485
88 314 411
550 993 802
118 800 207
120 697 373
610 802 457
485 905 577
332 811 669
239 565 228
57 966 793
60 552 805
354 933 51
675 822 663
38 200 553
596 845 29
349 924 178
222 917 675
102 401 165
341 726 296
138 870 97
410 830 370
248 844 360
242 536 247
172 310 655
221 591 566
255 503 378
508 887 216
489 606 808
410 655 145
468 507 42
220 431 316
408 551 670
832 838 391
287 582 218
606 670 224
392 422 782
227 648 773
75 544 814
296 618 507
224 300 969
1 939 834
173 342 957
282 979 129
536 713 786
149 765 565
39 949 163
537 980 28
179 656 678
100 288 475
1 885 490
71 604 407
569 635 358
322 381 471
113 614 279
882 887 883
406 847 122
561 647 398
239 855 653
771 831 618
228 537 128
205 617 850
134 285 659
492 988 36
743 911 712
261 743 213
573 819 873
399 780 777
99 670 55
261 989 274
641 678 511
276 425 526
141 223 529
199 497 483
61 892 101
177 549 679
10 103 161
880 951 884
70 726 750
355 478 919
8 131 51
460 476 379
629 856 535
32 337 507
255 774 975
190 952 547
495 560 5
633 940 414
79 119 388
211 728 635
441 565 688
15 71 724
378 891 127
189 706 931
26 685 36
447 686 912
634 939 70
576 967 72
178 549 131
58 965 764
302 689 956
119 416 525
130 958 387
218 492 557
16 958 470
158 778 38
182 613 285
102 399 617
557 997 969
284 445 178
376 956 582
199 903 769
392 649 261
48 790 203
720 921 167
388 699 355
330 937 841
332 739 243
471 968 544
867 918 95
45 591 873
55 528 253
56 667 738
436 856 940
309 648 389
579 854 25
326 856 780
10 565 963
99 701 32
239 679 422
286 710 487
130 877 475
332 421 729
477 923 9
59 845 333
115 335 966
433 800 526
747 923 381
34 931 289
399 737 661
227 566 679
311 471 115
660 748 157
390 435 988
775 880 266
222 645 281
377 889 392
128 764 806
24 796 848
139 610 209
373 385 316
891 937 256
156 885 534
556 642 759
0 144 427
253 730 84
552 780 972
436 482 892
211 648 601
815 994 89
269 450 447
83 866 189
364 722 40
726 916 473
463 621 810
150 405 350
322 386 121
7 715 222
448 501 419
611 975 573
964 994 843
50 855 666
757 833 752
959 965 354
340 901 901
409 745 373
35 221 994
283 740 447
519 526 531
696 889 649
578 790 111
442 614 19
142 795 988
165 518 159
211 947 352
240 432 625
69 245 518
455 623 96
231 790 820
568 844 915
44 292 50
451 882 351
539 908 74
633 832 43
206 621 170
117 637 562
172 664 528
194 861 987
371 753 208
115 581 989
280 411 633
96 931 754
877 995 851
928 938 919
636 771 172
326 470 940
98 809 411
65 759 281
536 812 842
191 433 522
169 344 766
412 730 861
217 392 828
553 958 299
274 628 582
219 628 137
228 765 595
616 862 969
457 953 757
288 414 75
64 134 754
152 906 763
169 528 294
205 571 997
528 812 801
105 585 196
151 636 561
263 373 378
788 799 144
643 741 582
211 902 70
159 380 964
165 808 621
624 674 787
126 196 673
164 636 633
251 277 651
593 631 466
368 972 781
345 403 402
401 809 767
100 517 273
281 680 449
315 729 174
235 555 691
444 688 452
113 826 104
568 902 725
161 296 918
21 867 707
76 804 809
463 874 728
197 648 592
797 856 292
672 879 136
10 315 773
375 765 394
268 304 456
39 93 539
190 647 555
78 471 140
211 397 60
177 297 635
206 285 211
746 877 892
12 887 439
15 392 228
383 758 609
390 500 953
384 419 474
122 693 504
110 691 247
533 639 206
51 275 884
244 944 443
647 660 776
220 408 234
111 676 759
157 521 327
194 836 596
524 636 544
110 818 818
304 657 791
666 682 195
512 663 659
410 982 32
45 627 235
60 339 719
21 690 89
348 734 107
212 342 335
218 815 106
258 655 787
920 953 153
283 693 575
195 517 969
551 733 292
856 870 798
278 557 252
524 646 529
229 866 144
62 214 573
290 737 323
832 897 319
290 650 812
209 881 295
82 477 222
382 766 803
178 981 201
413 469 797
150 872 941
448 941 419
36 798 401
95 506 846
909 926 628
130 166 146
299 523 522
292 787 29
465 689 849
289 668 196
294 946 77
783 975 54
49 523 446
15 968 5
410 789 489
137 985 644
547 570 980
931 970 26
126 183 822
168 206 893
133 203 29
462 537 696
109 883 785
153 174 733
737 959 504
317 335 365
731 753 315
476 754 907
301 679 511
148 521 173
620 704 8
553 836 518
722 803 623
7 646 959
134 231 8
719 893 326
577 593 84
446 485 124
135 212 965
443 761 264
7 99 826
267 823 957
144 314 790
162 593 151
101 133 579
883 976 154
162 559 683
130 324 681
222 335 452
156 254 205
119 288 807
42 476 562
11 811 829
232 433 621
667 784 872
664 696 557
283 760 331
89 750 910
225 575 251
36 444 797
257 676 173
146 970 980
368 538 919
284 859 892
175 208 473
19 450 82
21 67 831
20 232 645
351 879 948
81 241 176
44 93 943
524 956 866
164 927 474
12 816 768
98 242 112
260 398 366
289 367 603
133 249 279
519 709 828
361 561 748
700 872 392
36 736 537
432 948 237
433 498 470
71 74 231
679 987 229
859 946 961
391 472 101
443 581 287
21 486 648
164 360 483
394 476 137
181 308 450
382 899 252
502 677 238
131 678 785
366 805 56
599 747 922
781 826 660
161 496 914
166 535 370
302 851 356
32 800 136
374 989 248
468 636 311
301 589 993
245 935 665
627 839 295
57 187 891
46 196 612
527 750 892
36 737 515
800 946 501
233 655 921
3 277 221
47 433 239
18 179 98
586 608 607
346 721 591
31 285 72
111 933 786
23 218 228
304 741 598
603 687 933
86 984 721
517 670 385
428 899 630
347 753 399
293 946 583
85 661 922
858 928 77
572 762 362
436 767 264
333 551 754
856 941 141
93 147 720
392 894 571
754 869 346
545 897 804
57 151 802
288 931 640
470 900 598
297 767 928
253 520 129
180 691 318
914 918 189
598 613 766
115 748 622
93 945 592
15 592 493
1 334 775
665 802 836
811 956 421
66 645 105
688 960 103
206 711 495
244 484 104
321 819 916
455 478 108
162 851 655
18 790 944
302 406 484
76 580 494
588 978 825
243 769 161
140 872 46
421 755 935
608 910 604
29 731 869
234 581 758
42 397 218
423 778 830
290 587 434
764 869 347
5 452 384
635 711 936
29 630 557
648 884 380
65 905 48
111 665 22
483 960 754
322 470 276
169 321 661
224 811 884
639 720 288
425 525 586
78 710 983
153 515 287
661 988 689
7 669 676
412 981 421
261 724 565
515 763 164
336 498 353
493 521 80
418 776 10
210 913 282
284 869 629
682 813 161
99 164 697
4 643 105
431 850 235
671 941 885
197 747 881
275 712 607
410 838 464
289 548 106
648 699 492
257 634 622
496 539 688
615 725 500
850 876 882
782 806 163
199 619 953
145 540 920
122 948 690
160 792 501
607 982 697
536 805 609
621 926 368
349 783 121
185 559 698
299 538 332
24 391 765
95 169 61
544 917 107
611 756 789
691 855 278
38 134 711
577 852 924
158 536 232
36 70 633
150 217 31
165 989 551
149 427 138
14 456 940
736 833 572
24 299 803
175 760 920
560 589 720
841 860 584
243 686 876
447 755 823
195 593 106
722 842 3
738 967 272
426 834 44
323 864 681
355 479 178
690 980 634
133 737 147
143 418 96
182 501 746
427 601 483
864 957 693
496 924 713
295 782 713
283 600 662
13 706 246
369 875 310
567 890 883
124 252 705
188 228 429
108 307 136
853 855 56
105 359 884
9 772 607
107 515 140
288 647 596
4 584 274
279 459 401
147 711 146
224 970 350
326 707 649
57 992 723
524 766 244
685 936 224
31 659 764
486 657 334
615 637 462
930 982 571
287 611 999
121 298 15
769 969 575
173 730 179
227 929 314
45 944 206
326 515 829
28 634 912
542 803 163
367 420 883
397 689 762
38 600 208
261 279 446
259 824 334
182 189 987
383 445 570
714 832 363
209 370 408
133 186 142
524 992 973
27 634 249
168 592 722
265 942 142
289 920 209
93 974 198
323 734 934
48 571 111
163 791 241
245 896 792
350 554 60
161 475 128
181 738 997
698 770 971
595 766 941
331 367 349
132 155 716
399 823 181
212 818 191
237 681 561
317 979 488
69 258 170
480 724 582
172 969 469
486 934 561
591 740 605
123 972 607
504 850 520
525 894 997
717 961 835
528 641 926
198 309 659
121 576 880
269 708 302
424 644 675
81 718 825
143 770 366
150 874 798
321 666 492
67 692 119
125 429 622
372 950 296
446 764 707
314 919 718
62 582 459
151 290 132
162 755 801
34 702 39
302 501 427
21 460 61
358 924 183
262 557 963
613 789 530
180 761 962
304 796 602
24 503 397
602 730 345
694 823 6
105 531 60
542 615 776
17 457 352
218 407 651
516 689 354
666 764 603
471 592 602
508 897 393
277 787 591
651 721 25
192 475 299
38 118 130
253 893 703
59 981 710
1 712 982
810 956 895
173 255 182
41 315 704
520 582 955
122 417 952
11 80 910
66 523 291
868 892 356
366 814 716
407 680 755
401 702 777
143 239 748
600 776 476
18 665 302
108 951 447
600 605 69
4 988 567
19 609 784
306 683 470
328 543 978
221 792 351
833 939 492
239 835 642
24 731 799
259 962 536
191 863 978
684 689 93
46 235 360
462 702 789
771 779 883
570 865 73
593 703 382
540 884 777
245 449 39
669 878 747
439 770 52
265 494 778
178 470 631
277 850 660
317 868 853
185 690 599
76 717 244
511 529 855
914 915 637
192 964 625
463 942 860
279 885 759
476 994 733
368 493 636
502 657 179
503 546 51
93 267 838
802 882 881
128 600 203
63 78 158
14 171 252
532 627 670
313 672 865
515 953 249
530 943 814
228 328 688
225 762 740
140 252 791
470 764 759
553 725 15
64 638 89
709 727 623
183 826 710
91 196 614
238 556 69
157 311 445
745 787 677
255 803 239
152 271 993
383 702 943
417 636 830
251 362 332
152 194 401
12 169 128
6 79 974
665 925 290
767 834 961
122 370 494
293 951 733
348 433 107
179 699 496
234 746 582
613 967 539
400 551 113
22 204 605
705 946 296
233 427 661
79 441 319
68 199 253
669 680 487
567 835 513
453 988 998
279 467 497
69 990 342
197 298 950
219 352 835
346 403 437
848 954 297
456 493 527
350 519 819
278 770 473
28 299 776
317 791 65
453 610 185
379 978 654
542 767 31
418 918 525
46 564 647
630 905 168
692 842 954
92 567 299
32 256 25
189 996 277
19 481 565
174 881 515
393 888 448
466 836 396
260 673 307
571 934 252
391 897 949
331 958 194
297 664 52
3 696 746
454 861 321
195 322 964
773 984 229
76 543 53
42 909 774
806 954 336
134 966 742
394 510 648
205 964 190
254 548 846
717 977 449
672 824 388
831 889 847
237 265 782
519 914 826
466 619 110
789 994 287
293 343 539
481 692 716
112 156 185
282 309 447
132 895 581
234 476 712
663 679 456
530 568 145
387 886 337
210 579 292
458 641 961
350 896 903
716 719 21
860 984 261
36 261 143
159 312 923
225 717 736
225 650 646
368 619 720
557 561 682
522 598 708
172 841 231
281 651 708
267 523 629
247 923 426
285 331 58
651 864 555
256 804 840
461 708 700
89 265 744
447 681 258
97 334 777
241 843 182
241 928 784
43 977 399
79 314 1000
536 955 588
78 983 372
586 920 322
505 727 264
81 604 979
390 812 603
110 165 73
183 372 442
2 821 210
182 525 78
38 750 686
580 742 789
659 930 640
467 531 737
560 756 487
250 509 501
145 678 753
474 784 330
228 288 452
363 929 756
0 659 12
170 875 968
355 567 735
315 383 101
4 864 731
179 934 603
150 856 403
112 520 42
72 82 315
114 827 636
254 975 535
383 514 283
127 178 876
109 242 159
210 594 38
623 823 665
222 559 227
423 836 19
143 951 895
238 396 792
99 282 979
722 854 398
518 586 960
243 244 951
402 956 175
821 877 275
217 808 129
101 257 568
137 610 23
211 685 618
136 464 439
826 992 889
76 437 425
909 978 610
296 614 472
129 690 142
216 461 783
279 704 245
364 597 733
563 752 816
103 429 208
8 944 27
68 622 393
157 568 966
956 967 152
278 526 708
572 862 706
560 719 702
123 777 81
369 715 189
400 482 464
692 717 795
509 806 488
178 706 669
530 699 653
598 871 608
251 576 864
527 721 165
253 469 155
279 393 998
221 291 482
694 704 215
273 832 882
367 510 438
77 131 178
28 495 235
357 584 168
691 856 96
664 966 992
772 789 882
354 588 616
664 985 596
23 448 780
544 985 100
483 839 829
486 920 23
705 847 372
203 683 629
946 990 840
77 194 504
266 739 846
946 967 527
117 952 852
80 519 502
405 424 494
655 662 514
55 691 498
113 523 188
87 248 579
500 775 677
256 307 889
211 994 725
99 940 236
470 770 578
641 743 934
459 730 90
844 947 35
524 721 876
422 916 560
405 726 279
336 761 431
900 905 513
288 301 455
647 729 648
320 654 970
390 689 188
8 449 690
19 839 486
346 581 512
771 956 723
572 601 367
845 851 769
698 896 955
440 523 262
127 167 24
267 472 661
660 877 387
121 591 126
745 784 568
274 355 944
370 482 591
249 527 186
391 590 564
312 675 808
67 849 315
337 845 370
16 76 933
407 743 437
19 558 179
113 127 57
561 770 551
159 490 225
38 942 175
85 457 40
211 896 517
755 899 888
741 853 266
8 454 782
73 476 300
293 507 966
417 659 77
22 60 376
304 632 892
232 299 588
353 573 221
527 872 529
888 915 966
83 354 911
29 309 983
92 187 841
118 653 345
195 935 477
633 835 932
100 541 714
440 943 74
98 572 937
276 329 985
301 716 458
863 886 685
572 745 924
543 611 965
9 545 148
239 901 828
816 971 804
430 902 89
81 775 543
252 511 336
470 760 266
724 963 524
511 566 111
59 876 798
461 669 511
382 817 639
562 962 558
29 157 453
170 682 628
222 418 631
778 838 213
657 915 57
485 660 980
850 985 748
415 953 808
813 838 143
884 972 647
230 249 544
24 420 895
206 276 660
100 351 715
118 659 374
246 544 470
387 479 260
120 351 400
160 970 732
627 747 259
300 869 43
194 839 755
336 790 577
294 622 88
135 645 187
158 946 728
284 401 869
675 900 200
814 876 284
881 931 478
195 735 931
576 838 102
65 265 382
104 937 344
378 497 942
75 448 77
69 970 484
727 855 965
118 213 823
656 805 689
125 203 675
790 852 902
176 612 949
440 726 709
319 415 520
652 903 272
432 977 710
98 956 809
556 676 309
163 449 181
304 826 316
154 209 650
181 804 8
236 473 496
232 883 426
200 714 493
548 999 599
165 609 755
103 698 51
434 940 448
147 198 630
2 336 856
149 808 403
519 613 195
243 970 980
297 470 379
316 431 420
408 495 513
72 898 501
281 931 905
510 874 804
532 804 857
245 914 378
65 97 667
824 944 133
449 689 762
160 571 73
379 507 793
484 971 886
759 839 28
23 91 454
720 816 796
168 966 770
483 968 805
743 944 362
187 818 985
26 931 985
38 577 672
488 947 884
241 642 685
33 259 638
347 592 977
223 922 594
512 547 298
475 564 229
450 688 743
250 620 252
772 904 815
312 553 430
193 553 627
242 402 857
77 673 306
385 760 538
507 976 49
274 504 62
13 555 170
148 370 22
89 781 493
131 948 21
464 794 448
418 434 787
554 785 69
10 111 662
299 904 208
88 930 937
444 941 737
327 470 846
25 468 446
92 724 859
358 427 756
641 830 620
26 319 470
580 734 941
521 605 94
451 794 32
251 799 428
180 637 240
446 753 535
725 749 485
485 688 204
299 857 626
198 882 71
325 942 520
297 607 868
453 779 229
308 427 362
629 832 73
90 652 59
820 846 406
191 461 149
105 800 660
560 805 126
719 987 965
362 952 109
749 778 490
482 929 477
592 661 13
65 311 738
261 346 269
354 469 151
292 738 516
815 934 501
166 380 724
367 379 880
201 838 821
870 927 765
309 580 810
223 973 895
668 892 884
181 857 367
1 40 427
112 225 551
131 319 856
114 450 810
25 189 77
580 633 642
317 759 627
417 907 647
764 931 565
462 861 993
140 393 211
551 640 170
386 622 791
99 296 889
53 315 501
189 714 169
143 483 918
854 856 851
380 993 105
63 291 742
116 728 761
550 698 207
608 981 884
15 861 729
122 276 275
26 892 443
386 905 976
524 934 633
5 427 238
437 465 810
384 746 290
29 694 834
603 811 455
196 660 715
485 557 878
501 658 123
207 296 512
65 828 429
376 691 649
82 791 724
59 413 575
101 917 981
284 334 834
184 502 476
476 683 687
496 793 145
586 757 158
261 733 933
834 895 241
121 515 153
89 261 874
98 505 578
547 995 447
487 535 398
290 416 663
202 769 275
246 976 685
396 665 404
200 973 687
161 545 849
339 643 880
3 314 97
231 636 235
454 764 622
438 857 927
74 941 570
712 760 695
645 960 931
73 347 882
117 415 367
24 889 624
431 802 572
465 810 259
481 896 600
21 53 508
347 743 837
170 920 725
499 662 663
45 838 311
362 639 231
325 612 774
128 584 459
55 428 401
303 407 311
177 914 881
31 710 559
77 149 342
20 815 891
6 172 279
363 644 988
217 798 207
283 478 951
629 861 870
180 272 737
682 688 929
118 577 615
216 929 373
261 347 214
213 552 1000
38 425 477
398 775 402
51 237 906
69 726 721
48 486 418
314 640 15
37 696 859
513 783 798
274 621 990
102 175 302
345 858 46
171 412 529
59 636 350
426 793 384
945 971 559
770 837 931
60 167 247
56 919 411
626 755 219
211 440 542
372 704 300
232 335 173
724 809 115
713 893 653
797 952 901
173 709 520
469 632 32
262 646 283
390 829 517
485 735 623
156 895 181
119 203 642
266 665 670
654 705 510
14 621 751
363 810 216
698 996 617
145 168 211
289 482 751
434 934 557
445 849 734
177 896 961
524 947 17
155 239 197
204 638 304
74 763 1
412 718 270
134 574 712
568 705 112
220 229 968
490 714 742
84 491 228
689 894 769
142 943 219
96 265 657
380 653 510
390 590 212
171 302 118
228 452 995
17 19 801
60 294 715
171 355 767
523 545 949
637 928 295
750 791 423
14 547 815
220 691 625
369 960 250
580 774 287
622 714 881
414 985 355
1 375 351
490 648 917
135 742 420
40 256 723
252 635 914
516 570 524
150 267 484
402 469 784
212 585 95
42 163 753
276 543 854
546 997 555
26 526 572
261 296 768
314 869 587
752 884 380
191 196 399
335 451 834
67 604 406
176 650 831
156 252 65
288 319 451
313 666 994
248 625 89
314 742 933
455 566 411
223 375 627
27 886 595
142 380 850
76 850 545
100 628 339
700 862 10
648 734 806
219 228 294
586 693 444
181 734 966
178 830 156
414 618 22
584 789 598
50 735 337
120 678 518
779 830 444
378 781 160
40 312 981
428 675 837
56 415 737
409 583 950
3 951 265
59 606 266
304 842 601
317 550 701
70 642 467
558 741 478
617 649 138
263 498 850
126 845 19
282 834 459
480 553 946
141 964 593
350 592 274
477 952 754
100 118 101
453 840 670
715 718 773
279 778 912
320 824 39
689 872 488
537 790 170
123 631 560
499 891 336
15 484 466
22 132 846
457 589 212
423 672 606
191 524 865
423 981 309
224 960 127
267 328 235
727 938 63
2 150 261
504 615 984
538 794 144
71 495 924
873 879 499
260 266 479
268 785 712
1 557 331
276 468 382
661 790 584
215 369 789
237 477 316
222 383 509
144 982 411
269 860 803
35 431 381
170 826 135
145 828 852
192 562 693
158 320 839
800 951 871
177 686 25
579 582 530
287 773 456
110 187 409
149 565 10
151 354 147
335 341 790
523 627 940
235 263 636
139 752 89
200 504 132
99 458 536
455 957 12
178 911 727
410 657 870
122 441 401
98 282 700
104 182 956
232 498 600
874 922 482
527 957 699
345 354 869
365 367 660
536 660 141
226 825 503
468 807 88
485 602 822
368 880 648
371 992 911
179 975 399
225 969 521
369 508 805
438 959 201
175 827 187
195 676 693
303 702 417
78 874 57
355 991 305
781 846 96
864 977 550
325 690 702
9 613 902
597 976 211
400 506 603
455 991 655
25 357 576
302 686 155
153 372 63
171 418 119
871 991 535
592 775 24
596 853 28
530 652 768
141 527 271
590 912 674
105 654 896
100 962 730
53 101 32
201 395 878
443 834 237
245 270 412
347 886 908
117 961 742
563 625 13
839 933 405
456 885 8
133 466 363
43 728 203
680 715 261
238 375 240
514 897 568
710 911 156
190 196 574
221 372 868
240 449 775
204 548 973
238 915 104
485 981 459
316 555 38
287 485 774
413 586 123
223 318 844
286 680 901
436 923 914
101 620 392
209 784 866
185 448 219
748 862 603
51 241 404
568 694 371
652 669 168
322 905 880
349 871 561
271 886 821
256 534 719
277 305 772
323 418 91
304 815 661
676 718 789
698 985 545
344 964 735
52 894 700
127 507 657
148 350 148
104 855 234
507 881 526
231 547 169
41 840 221
472 475 477
266 833 276
729 735 771
4 33 156
551 793 270
15 311 472
184 316 45
287 799 839
677 997 880
0 701 121
613 820 986
60 279 487
785 825 118
200 546 603
699 831 989
304 658 691
50 869 858
242 450 165
127 536 957
327 924 784
717 821 339
58 803 208
100 218 917
248 665 580
498 742 795
3 829 717
603 827 545
340 518 898
475 646 537
210 315 284
293 552 670
117 621 753
315 333 742
95 567 904
223 623 243
313 780 881
231 498 411
23 144 792
97 711 946
665 720 134
253 926 795
31 587 886
47 674 814
106 847 10
257 470 247
12 572 465
212 762 573
474 762 436
205 542 23
7 350 744
452 563 870
320 829 414
456 562 345
209 218 156
564 843 148
12 985 490
419 711 432
413 516 934
345 751 727
691 938 4
25 875 487
34 387 306
519 775 867
161 166 567
98 385 641
695 954 242
510 684 728
91 447 242
669 871 803
19 777 776
627 752 672
731 763 448
133 731 390
200 796 66
885 942 547
271 663 343
32 71 722
131 596 172
129 848 890
624 870 317
761 782 15
267 268 904
59 773 694
222 325 306
201 342 451
14 246 750
99 391 866
113 258 928
19 195 578
948 955 722
220 291 258
53 966 553
192 350 991
362 388 363
40 843 1
131 568 109
362 927 3
20 867 301
829 888 958
235 597 19
893 899 231
15 596 544
221 503 490
608 660 160
443 721 783
264 900 546
308 719 694
387 876 478
535 837 657
333 720 626
391 471 105
165 853 898
276 593 988
191 327 638
93 275 325
25 82 432
30 49 78
529 872 573
84 697 622
97 411 801
189 866 779
691 753 213
528 559 867
543 870 71
637 664 215
510 563 19
220 808 762
170 794 577
368 968 420
704 721 827
117 919 391
268 719 532
132 260 875
52 891 279
136 940 254
536 586 939
222 742 585
556 651 914
48 849 457
475 918 302
223 517 206
120 620 970
150 156 534
413 794 616
290 881 215
635 715 735
310 976 546
323 792 532
385 728 246
45 606 37
427 685 316
249 451 461
687 988 417
210 407 761
689 990 865
311 809 108
296 666 984
158 922 636
250 593 160
860 890 946
180 392 92
166 888 168
416 796 338
703 927 446
474 925 523
144 375 263
401 725 948
383 390 317
452 657 714
266 336 981
501 615 529
71 816 986
448 924 744
75 638 359
458 993 770
98 592 161
336 598 241
581 644 942
120 648 228
469 763 443
52 689 14
780 796 381
172 813 228
788 900 836
623 924 328
463 757 323
15 542 949
630 879 43
264 960 671
550 701 297
406 956 501
191 960 625
186 908 240
345 756 269
595 798 606
113 609 227
410 433 859
434 786 921
11 719 509
237 684 806
56 336 181
72 800 232
53 417 956
177 969 241
13 726 76
329 552 466
40 306 909
155 510 215
179 671 576
350 574 924
723 795 98
830 836 186
3 205 154
31 56 281
91 965 305
40 54 544
367 380 658
20 435 853
449 590 762
592 689 122
524 573 190
421 897 285
427 428 793
237 564 224
16 749 382
277 854 157
497 883 306
7 162 398
212 450 128
264 802 592
515 641 631
128 795 458
38 436 181
368 404 839
232 822 322
369 973 36
103 636 583
362 560 427
198 778 303
55 610 638
53 647 119
236 831 348
367 784 459
131 605 479
350 959 599
242 729 965
208 985 564
781 935 739
121 390 565
45 873 613
119 705 318
116 997 466
931 996 303
590 861 334
3 846 837
61 370 330
238 418 789
738 887 728
6 717 689
434 793 770
511 807 568
132 691 813
517 584 252
114 884 797
291 495 148
115 783 101
186 571 172
437 713 20
274 953 991
306 470 713
290 797 919
138 400 856
484 905 559
270 879 728
584 593 656
61 193 611
748 936 933
340 435 765
728 846 227
79 355 124
486 691 812
279 290 821
365 955 711
23 526 902
401 827 387
311 325 654
249 732 395
428 463 743
86 827 169
746 807 156
502 701 721
11 702 279
126 456 845
628 641 202
217 507 65
784 795 450
216 319 856
794 954 778
277 776 19
856 885 209
509 817 655
69 120 680
503 727 418
476 825 795
803 807 981
503 711 739
620 982 863
173 703 682
509 745 141
359 959 632
36 301 748
819 911 374
10 390 598
818 862 982
47 870 366
680 875 504
103 706 386
51 403 334
13 367 841
524 628 888
30 254 916
484 745 704
409 755 859
194 473 632
262 406 479
22 811 465
550 666 32
446 913 142
347 598 322
25 853 485
213 299 108
364 823 801
123 327 159
420 918 407
171 506 499
351 571 538
43 142 926
502 960 140
41 554 550
443 519 865
53 806 344
641 791 660
271 515 144
120 463 813
411 507 994
376 624 102
19 770 180
321 630 869
499 961 490
404 940 478
147 170 117
132 588 911
277 827 492
428 769 947
676 886 469
605 668 380
28 481 758
28 797 506
22 291 62
730 983 593
222 861 596
717 917 432
332 342 308
559 709 301
475 592 457
234 568 299
542 971 217
447 770 244
16 338 498
158 766 709
879 948 858
577 652 96
521 880 302
242 913 990
587 633 189
77 606 462
152 326 130
719 904 935
355 833 228
198 504 803
480 848 292
34 332 549
291 470 472
761 933 435
737 940 946
185 963 816
194 253 498
821 871 878
41 261 310
2 801 518
62 794 161
368 778 858
509 615 659
90 969 269
212 929 83
585 899 783
295 405 778
466 975 537
375 947 335
171 362 58
410 467 822
520 736 446
109 129 787
81 125 745
339 737 785
245 434 126
292 830 724
159 215 322
27 831 981
28 399 823
453 970 680
38 907 253
601 949 993
364 700 46
879 999 544
582 803 151
434 957 714
229 376 439
419 923 772
97 331 449
368 468 938
307 782 809
754 859 188
757 900 916
380 907 149
540 631 487
646 671 463
583 789 980
158 321 312
593 699 604
22 886 755
81 871 17
155 189 485
589 818 712
533 681 150
437 691 187
314 781 930
62 69 794
304 719 788
295 476 936
100 182 817
297 735 193
844 849 312
684 896 211
107 374 314
209 256 702
490 688 749
50 366 769
282 390 740
529 948 36
128 439 176
244 700 411
209 614 675
298 870 977
893 905 201
824 934 130
643 831 264
556 649 639
159 336 566
73 488 588
191 531 179
538 833 952
658 826 863
311 634 543
269 334 485
436 815 527
754 998 72
426 473 981
13 35 347
197 641 485
89 643 98
21 949 119
910 933 132
168 216 90
121 301 812
481 668 969
400 530 655
111 726 391
293 785 219
542 628 725
292 918 948
437 760 564
289 870 501
43 716 360
3 668 225
147 325 730
209 574 63
301 913 275
222 321 976
613 618 699
303 490 349
181 887 222
68 236 857
115 684 865
129 259 348
325 986 695
265 532 577
287 689 900
81 628 779
250 328 162
362 459 160
66 90 73
466 886 669
80 248 526
806 956 367
502 839 72
344 371 805
503 716 644
214 418 137
407 587 313
493 606 667
855 938 42
278 689 569
90 892 639
339 428 913
190 327 952
662 667 937
147 433 834
429 809 392
329 453 114
560 686 773
225 284 740
739 829 162
172 986 455
76 692 904
501 778 10
202 764 684
40 997 38
154 665 979
230 567 98
288 342 76
46 321 945
192 425 97
168 366 24
73 367 674
159 830 776
216 786 390
570 713 786
604 966 124
641 898 698
450 580 572
639 860 265
913 990 249
288 975 662
83 674 608
477 875 306
388 619 740
77 423 45
50 871 355
438 706 729
878 981 219
508 721 56
449 872 73
123 352 279
230 641 662
3 775 17
150 186 788
536 932 495
315 852 121
549 766 591
331 725 52
377 686 177
345 776 460
149 335 390
100 627 774
847 849 350
275 409 625
77 831 900
327 863 611
8 98 358
448 691 423
36 729 188
63 982 328
228 829 203
24 965 855
877 920 157
120 260 113
894 957 690
450 793 549
204 241 770
146 423 743
213 427 855
3 259 932
635 755 665
252 867 257
67 107 736
512 971 674
27 987 610
180 538 4
42 662 446
656 784 790
247 639 463
93 360 541
83 473 78
350 430 756
406 557 493
206 892 90
49 165 215
447 662 77
592 795 394
402 743 102
347 974 394
296 426 78
616 934 6
480 547 368
161 249 403
304 869 438
399 489 923
358 372 195
216 750 54
562 801 490
492 827 377
555 862 800
33 835 716
116 791 903
15 507 440
356 531 869
338 653 329
72 621 348
266 854 806
193 689 779
346 820 525
145 950 971
272 817 938
277 718 751
186 803 606
186 768 505
211 802 577
267 269 707
229 995 479
84 893 502
474 700 806
13 470 996
287 661 265
750 916 124
836 936 213
807 984 968
234 323 670
74 163 586
709 914 755
18 869 68
15 540 859
381 968 930
585 747 141
236 823 724
460 952 723
693 976 81
16 613 315
330 781 358
306 765 884
217 529 473
133 451 910
155 732 837
112 622 995
383 762 939
91 599 986
41 104 614
634 690 189
94 110 236
301 898 574
533 927 889
306 555 558
552 699 771
470 621 706
345 956 371
194 786 875
488 799 857
100 608 476
74 180 737
614 674 883
142 682 741
25 555 840
244 882 720
553 890 306
33 705 303
3 657 392
79 718 816
307 906 143
224 867 38
426 557 868
563 850 603
595 902 898
44 219 550
654 812 129
265 985 959
385 615 64
308 667 211
371 690 865
299 378 150
130 727 308
685 870 696
381 384 375
482 913 284
0 720 423
23 252 292
273 451 433
57 445 519
633 825 796
281 652 678
311 883 389
34 395 581
485 552 444
463 468 660
294 327 810
66 361 785
300 785 45
15 386 238
401 831 889
173 455 699
67 222 409
180 616 848
217 490 886
176 333 963
249 841 425
695 775 547
335 649 923
527 804 731
79 979 949
21 839 154
371 621 599
544 971 792
470 891 929
505 825 203
786 902 956
436 464 355
679 916 166
289 435 856
266 770 643
46 697 209
340 948 632
765 855 446
158 201 287
249 718 332
861 960 303
519 636 59
691 960 721
406 717 816
494 717 896
563 820 714
65 422 567
458 950 623
103 595 263
106 200 344
520 834 184
46 653 138
349 814 161
454 676 248
491 839 18
5 991 175
506 652 232
844 938 397
143 257 447
408 870 386
447 823 481
315 972 771
485 903 98
582 866 340
489 861 130
691 728 190
647 892 299
502 958 339
937 946 389
98 359 612
143 661 653
159 751 291
493 715 246
633 983 97
477 488 459
373 790 770
124 359 583
678 948 860
215 318 771
121 596 386
584 741 459
81 795 685
235 482 651
253 576 431
771 866 724
376 415 766
222 796 482
94 698 472
246 583 770
372 828 887
137 923 609
641 915 832
605 921 926
280 629 489
9 304 784
363 392 218
239 739 333
469 999 489
339 830 722
395 397 902
845 859 145
212 701 693
632 912 984
618 625 503
113 300 288
85 739 178
65 811 369
298 483 62
91 492 816
44 810 440
5 244 459
249 521 158
801 914 877
34 855 955
349 897 908
345 690 995
100 711 409
244 961 556
73 866 7
5 774 661
461 550 737
546 560 981
49 115 956
378 619 606
648 779 175
84 933 715
129 784 474
228 789 297
366 468 250
111 198 404
606 767 496
335 828 424
183 197 948
661 897 239
797 962 315
104 908 342
459 518 734
176 180 850
150 902 756
387 542 117
45 258 812
83 584 979
203 586 593
231 866 253
580 830 213
132 713 242
814 856 632
583 970 104
504 670 835
55 988 502
213 518 470
320 507 139
117 159 66
144 381 775
139 285 376
29 957 553
24 694 535
269 436 125
284 619 684
77 107 45
18 308 886
406 669 985
372 715 38
582 813 687
234 756 970
183 490 51
247 518 231
266 438 234
629 825 393
202 315 985
513 822 81
134 577 733
272 532 590
289 388 881
192 601 227
249 585 397
480 812 846
69 768 163
610 983 424
511 961 22
304 696 653
421 608 579
284 771 566
187 264 933
110 709 27
323 694 761
126 657 892
9 638 897
599 829 500
74 126 834
344 586 466
578 677 197
147 184 770
549 733 956
544 614 308
35 270 175
806 851 926
716 811 959
621 916 40
640 703 194
126 883 831
425 788 250
888 939 583
49 382 104
768 812 34
341 537 442
794 825 168
369 912 50
9 883 822
368 716 869
312 719 523
38 524 174
510 640 760
677 913 829
260 445 880
48 209 273
3 296 718
674 955 604
526 817 581
405 425 318
281 599 591
507 695 325
240 928 153
318 506 602
6 258 306
157 999 706
157 987 94
161 177 310
880 986 8
850 923 549
102 159 462
283 684 342
325 901 693
243 421 523
333 762 604
283 575 206
572 788 718
662 862 868
75 947 956
257 482 988
484 885 260
114 132 548
56 179 742
536 767 546
235 569 733
90 318 15
489 569 13
268 849 242
580 809 134
611 952 399
287 807 475
626 917 241
562 994 114
32 391 519
349 374 187
279 408 981
241 825 821
343 960 901
31 214 774
563 810 323
54 862 190
160 904 949
226 696 932
502 959 739
109 640 529
500 586 502
122 858 185
502 724 384
609 847 177
478 817 606
317 484 75
199 759 681
368 850 939
488 840 665
251 571 495
370 649 681
578 624 445
601 604 522
756 828 804
224 769 841
184 764 668
255 316 933
44 122 266
435 494 719
2 685 521
88 976 165
62 746 936
283 572 793
120 992 679
648 948 885
342 869 995
135 650 814
166 563 618
216 999 904
602 772 339
244 877 231
185 286 113
459 909 432
244 847 388
82 256 613
278 572 138
307 365 614
838 940 610
117 260 829
677 839 236
821 850 187
79 933 366
23 301 412
331 698 436
109 647 29
99 407 121
84 336 286
324 857 644
99 944 963
377 939 807
241 916 320
350 570 894
152 709 552
677 770 343
631 766 646
168 547 907
162 400 403
68 971 475
61 946 108
546 977 277
307 653 320
527 682 475
681 707 926
703 824 168
59 701 136
134 491 772
169 514 97
731 899 764
451 807 444
394 769 673
796 974 906
209 589 415
454 948 993
63 503 61
258 572 909
159 462 475
7 861 382
